# lijst met vakjes van standaard ganzenbord

# de \ op het einde van elke regel zorgt ervoor dat we deze lange regel over 
# meerdere regels kunnen verdelen zonder dat python in de war raakt 

vakjes = [[160, 683], [286, 683], [356, 683], [415, 683], [482, 683], [545, 683], \
[618, 683], [692, 683], [758, 683], [828, 643], [895, 598], [937, 549], [965, 489], \
[982, 430], [982, 353], [968, 283], [944, 220], [905, 167], [833, 111], [744, 66], \
[664, 62], [597, 62], [536, 62], [464, 62], [398, 62], [335, 62], [265, 66], [198, 94], \
[142, 129], [104, 174], [83, 227], [65, 283], [65, 367], [83, 435], [116, 491], [160, 535], \
[216, 570], [282, 587], [342, 587], [405, 587], [468, 587], [536, 587], [615, 587], \
[692, 587], [755, 578], [816, 528], [863, 458], [877, 402], [874, 335], [856, 283], \
[804, 202], [737, 160], [632, 157], [545, 157], [468, 157], [394, 157], [328, 157], \
[265, 167], [195, 223], [167, 325], [188, 403], [221, 454], [282, 482], [413, 456]]